ID	X-coordinate	Y-coordinate	clay	silt	sand_f	sand_c	humus
1	534962.12	6247748.20	11.029	11.771	45.705	31.495	5.700
3	534956.42	6247767.40	9.372	13.388	41.298	35.942	3.000
5	534950.62	6247786.50	10.827	14.811	36.466	37.896	2.200
7	534944.92	6247805.70	11.735	11.837	40.714	35.714	2.100
9	534939.22	6247824.80	11.247	11.759	41.820	35.174	2.200
11	534933.42	6247844.00	9.714	11.350	34.458	44.479	2.300
13	534927.72	6247863.10	11.236	11.747	34.831	42.186	2.100
15	534922.02	6247882.30	7.684	11.885	36.783	43.648	2.400
17	534916.22	6247901.40	7.582	11.885	35.758	44.775	2.400
19	534910.52	6247920.60	8.188	10.235	33.265	48.311	2.200
21	534904.82	6247939.70	8.172	9.806	36.874	45.148	2.200
23	534899.02	6247958.90	8.172	9.806	40.654	41.369	2.100
25	534893.32	6247978.00	9.072	9.276	34.964	46.687	1.800
27	534887.62	6247997.10	8.045	8.859	38.493	44.603	1.800
29	534981.32	6247754.00	10.526	13.725	44.066	31.682	3.100
31	534975.52	6247773.10	10.235	12.282	41.965	35.517	2.300
33	534969.82	6247792.30	11.759	11.247	41.922	35.072	2.100
35	534964.12	6247811.40	13.252	12.334	35.984	38.430	2.000
37	534958.32	6247830.60	11.825	12.232	40.877	35.066	2.000
39	534952.62	6247849.70	10.838	13.292	38.344	37.526	2.200
41	534946.92	6247868.90	9.221	11.373	33.504	45.902	2.400
43	534941.12	6247888.00	8.214	12.834	36.037	42.916	2.500
45	534935.42	6247907.10	8.214	12.115	41.068	38.604	2.500
47	534929.72	6247926.30	8.700	10.338	38.280	42.682	2.300
49	534923.92	6247945.40	9.193	10.725	34.321	45.761	2.100
51	534918.22	6247964.60	8.580	9.397	35.444	46.578	2.200
53	534912.52	6247983.70	8.078	9.816	38.753	43.354	2.100
55	534906.72	6248002.90	8.037	8.342	37.538	46.083	1.800
57	535000.42	6247759.70	9.324	12.295	43.648	34.734	2.400
59	534994.72	6247778.90	11.157	12.385	42.682	33.777	2.300
61	534988.92	6247798.00	10.838	11.759	42.536	34.867	2.200
63	534983.22	6247817.20	11.735	11.837	40.408	36.020	2.000
65	534977.52	6247836.30	11.327	12.245	43.265	33.163	2.100
67	534971.72	6247855.40	11.270	12.807	39.652	36.270	2.300
69	534966.02	6247874.60	9.231	10.872	37.744	42.154	2.600
71	534960.32	6247893.70	7.419	15.047	42.006	35.528	4.200
73	534954.52	6247912.90	7.404	14.077	33.785	44.734	4.100
75	534948.82	6247932.00	8.188	12.282	40.123	39.406	2.300
77	534943.12	6247951.20	8.970	7.849	38.328	44.852	1.900
79	534937.32	6247970.30	9.082	7.245	38.469	45.204	1.900
81	534931.62	6247989.50	9.184	10.306	37.347	43.163	2.100
83	534925.92	6248008.60	9.602	10.827	34.831	44.740	2.000
87	535019.52	6247765.50	9.704	10.827	47.600	31.869	2.200
89	535013.82	6247784.60	11.861	12.781	43.456	31.902	2.300
91	535008.12	6247803.70	10.838	12.679	41.820	34.663	2.200
93	535002.32	6247822.90	9.704	12.870	38.304	39.122	2.200
95	534996.62	6247842.00	10.736	11.350	42.843	35.072	2.200
99	534990.92	6247861.20	11.361	12.794	36.847	38.997	2.400
101	534985.12	6247880.30	8.230	11.317	38.992	41.461	2.800
103	534979.42	6247899.50	10.650	10.202	41.480	37.668	10.900
105	534973.72	6247918.60	6.334	11.942	32.295	49.429	3.700
107	534967.92	6247937.80	8.197	10.348	36.988	44.467	2.500
109	534962.22	6247956.90	8.045	9.878	33.910	48.167	1.900
111	534956.52	6247976.10	11.077	7.825	32.317	48.780	1.600
113	534950.72	6247995.20	9.592	9.796	39.898	40.714	2.000
115	534945.02	6248014.30	10.225	9.816	36.503	43.456	2.200
123	535038.72	6247771.20	10.872	13.231	43.795	32.103	2.400
125	535033.02	6247790.30	9.231	14.872	43.077	32.821	2.500
127	535027.22	6247809.50	10.850	13.306	39.918	35.926	2.400
129	535021.52	6247828.60	10.256	14.359	41.538	33.846	2.400
131	535015.82	6247847.80	9.826	13.306	41.760	35.107	2.400
135	535010.02	6247866.90	8.736	15.005	42.035	34.224	2.700
137	535004.32	6247886.10	6.695	11.715	33.577	48.013	4.400
139	534998.62	6247905.20	5.152	11.146	33.859	49.842	4.800
141	534992.82	6247924.40	5.544	9.343	31.622	53.491	2.500
143	534987.12	6247943.50	8.624	10.883	34.394	46.099	2.500
145	534981.42	6247962.60	7.559	9.908	31.052	51.481	2.200
147	534975.62	6247981.80	9.091	9.806	34.423	46.680	2.000
149	534969.92	6248000.90	8.571	10.816	28.776	51.837	2.000
151	534964.22	6248020.10	9.582	9.786	32.416	48.216	1.900
159	535057.82	6247776.90	14.388	17.575	37.410	30.627	2.700
161	535052.12	6247796.10	10.338	14.330	42.170	33.163	2.400
163	535046.42	6247815.20	11.338	13.279	41.573	33.810	2.100
165	535040.62	6247834.40	11.259	13.306	42.477	32.958	2.200
167	535034.92	6247853.50	11.373	13.832	40.676	34.119	2.400
169	535029.22	6247872.60	11.259	12.282	39.406	37.052	2.300
171	535023.42	6247891.80	9.138	11.396	37.577	41.889	2.600
173	535017.72	6247910.90	5.533	8.402	33.197	52.869	2.400
175	535012.02	6247930.10	5.000	6.327	29.592	59.082	2.000
177	535006.22	6247949.20	7.091	10.380	33.402	49.126	2.700
179	535000.52	6247968.40	8.188	10.338	34.596	46.878	2.400
181	534994.82	6247987.50	9.611	10.838	32.924	46.626	2.100
183	534989.02	6248006.70	9.174	10.296	31.397	49.134	2.000
185	534983.32	6248025.80	9.100	10.327	36.401	44.172	2.100
187	535077.02	6247782.70	13.744	15.077	38.769	32.410	2.500
189	535071.32	6247801.80	12.360	13.790	42.084	31.767	2.200
191	535065.52	6247820.90	12.870	13.279	40.756	33.095	2.100
193	535059.82	6247840.10	11.837	14.286	40.816	33.061	2.000
195	535054.12	6247859.20	9.887	15.448	40.783	33.883	2.900
197	535048.32	6247878.40	9.240	12.320	31.314	47.125	2.500
199	535042.62	6247897.50	9.221	11.270	36.373	43.135	2.400
201	535036.92	6247916.70	7.375	9.436	36.443	46.746	7.800
203	535031.12	6247935.80	7.069	9.563	27.755	55.613	3.700
205	535025.42	6247955.00	8.750	11.042	30.729	49.479	3.900
207	535019.72	6247974.10	8.633	10.997	32.169	48.201	2.700
209	535013.92	6247993.30	10.102	8.878	32.143	48.878	2.000
211	535008.22	6248012.40	11.759	12.372	31.084	44.785	2.200
213	535002.52	6248031.50	9.193	10.317	35.751	44.740	2.100
215	535096.12	6247788.40	10.317	13.279	42.186	34.219	2.100
217	535090.42	6247807.50	11.373	15.369	42.520	30.738	2.400
219	535084.72	6247826.70	11.873	13.715	43.501	30.911	2.300
221	535078.92	6247845.80	12.372	15.337	42.434	29.857	2.300
223	535073.22	6247865.00	9.928	14.637	43.501	31.934	2.300
225	535067.52	6247884.10	10.256	14.462	43.282	32.000	2.600
227	535061.72	6247903.30	9.119	11.885	34.016	44.980	2.400
229	535056.02	6247922.40	8.118	8.941	36.824	46.118	15.000
231	535050.32	6247941.60	11.389	10.013	42.678	35.920	20.200
233	535044.52	6247960.70	13.597	9.394	40.049	36.959	19.100
237	535038.82	6247979.80	9.689	7.151	43.945	39.216	13.300
239	535033.12	6247999.00	10.246	10.348	35.553	43.852	2.400
241	535027.32	6248018.10	11.315	7.645	37.513	43.527	1.900
243	535021.62	6248037.30	6.795	5.882	30.832	56.491	1.300
245	535115.32	6247794.10	9.684	11.315	43.119	35.882	1.900
247	535109.52	6247813.30	10.380	16.444	42.343	30.832	2.700
249	535103.82	6247832.40	11.873	13.715	43.193	31.218	2.300
251	535098.12	6247851.60	13.292	14.826	42.229	29.652	2.100
253	535092.32	6247870.70	12.500	14.652	42.930	29.918	2.300
255	535086.62	6247889.80	11.795	14.359	42.359	31.487	2.400
257	535080.92	6247909.00	8.718	11.385	39.795	40.103	2.500
259	535075.12	6247928.10	7.143	12.526	32.712	47.619	3.300
261	535069.42	6247947.30					34.100
263	535063.72	6247966.40					26.400
265	535057.92	6247985.60	9.360	7.820	37.204	45.616	15.500
267	535052.22	6248004.70	7.668	10.052	35.855	46.425	3.600
269	535046.52	6248023.90	10.123	9.816	32.822	47.239	2.100
271	535040.72	6248043.00	6.918	7.325	30.112	55.646	1.700
273	535134.42	6247799.90	9.184	11.735	43.265	35.816	2.000
275	535128.72	6247819.00	9.907	17.544	38.700	33.849	3.200
277	535123.02	6247838.10	11.385	14.256	37.949	36.410	2.500
279	535117.22	6247857.30	12.897	15.865	42.579	28.659	2.300
281	535111.52	6247876.40	11.487	14.667	43.282	30.564	2.500
283	535105.82	6247895.60	9.362	12.860	40.947	36.831	2.900
285	535100.02	6247914.70	6.764	11.030	37.045	45.161	4.000
287	535094.32	6247933.90	7.872	10.319	34.894	46.915	6.000
289	535088.62	6247953.00	8.806	6.876	35.947	48.372	17.000
291	535082.82	6247972.20					30.500
293	535077.12	6247991.30					38.800
297	535071.42	6248010.50	9.375	8.036	40.402	42.187	10.400
299	535065.62	6248029.60	7.464	8.384	33.436	50.716	2.200
301	535059.92	6248048.70	6.415	7.434	28.208	57.943	1.900
305	535153.62	6247805.60	9.082	9.796	43.163	37.959	1.900
307	535147.82	6247824.70	10.636	17.623	39.625	32.117	4.100
309	535142.12	6247843.90	10.986	15.298	43.943	29.774	2.600
311	535136.42	6247863.00	11.885	16.291	42.828	28.996	2.400
313	535130.62	6247882.20	9.949	16.821	41.744	31.487	2.500
315	535124.92	6247901.30	10.196	13.491	39.753	36.560	2.800
317	535119.22	6247920.50	6.653	11.538	32.225	49.584	3.800
319	535113.42	6247939.60	9.049	8.820	37.686	44.444	12.800
321	535107.72	6247958.80	12.210	10.501	38.584	38.706	18.200
323	535102.02	6247977.90	12.548	9.759	43.346	34.347	21.200
325	535096.22	6247997.00					26.900
329	535090.52	6248016.20	12.153	10.417	39.583	37.847	13.600
331	535084.82	6248035.30	6.960	8.393	32.037	52.610	2.200
333	535079.02	6248054.50	6.429	7.857	28.980	56.735	2.000
341	535172.72	6247811.30	8.147	10.285	41.955	39.613	1.900
343	535167.02	6247830.50	7.819	12.243	45.782	34.156	2.700
345	535161.22	6247849.60	10.685	17.946	42.946	28.423	3.700
347	535155.52	6247868.80	12.012	17.351	41.273	29.363	2.700
349	535149.82	6247887.90	10.246	13.320	41.393	35.041	2.300
351	535144.02	6247907.00	9.724	13.408	37.052	39.816	2.400
353	535138.32	6247926.20	8.214	11.807	31.828	48.152	2.500
355	535132.62	6247945.30	8.316	11.538	29.730	50.416	3.900
357	535126.82	6247964.50	10.433	9.545	36.737	43.285	9.900
359	535121.12	6247983.60	9.272	8.499	35.651	46.578	9.400
361	535115.42	6248002.80	9.101	9.426	34.561	46.912	7.700
365	535109.62	6248021.90	8.281	10.587	31.237	49.895	4.500
367	535103.92	6248041.10	7.582	9.426	31.660	51.332	2.400
369	535098.22	6248060.20	6.953	8.896	30.777	53.374	2.200
371	535191.92	6247817.10	8.053	10.805	41.896	39.246	1.800
373	535186.12	6247836.20	8.368	14.360	46.281	30.992	3.200
375	535180.42	6247855.30	9.314	13.306	42.068	35.312	2.400
377	535174.72	6247874.50	10.703	15.902	37.920	35.474	1.900
379	535168.92	6247893.60	10.235	12.794	41.965	35.005	2.300
381	535163.22	6247912.80	11.771	12.282	33.572	42.375	2.300
383	535157.52	6247931.90	10.235	11.771	33.367	44.626	2.200
385	535151.72	6247951.10	9.128	10.872	30.564	49.436	2.500
387	535146.02	6247970.20	8.772	11.455	34.572	45.201	3.100
389	535140.32	6247989.40	7.897	13.744	33.128	45.231	2.600
391	535134.52	6248008.50	7.984	9.007	29.478	53.531	2.400
393	535128.82	6248027.70	6.939	6.837	21.837	64.388	1.900
395	535123.12	6248046.80	7.449	7.857	25.816	58.878	1.900
397	535117.32	6248065.90	8.061	8.878	40.714	42.347	2.000
399	535211.02	6247822.80	8.037	9.868	44.252	37.843	1.700
401	535205.32	6247841.90	9.897	13.814	44.021	32.268	2.900
403	535199.52	6247861.10	10.736	12.883	39.775	36.605	2.200
405	535193.82	6247880.20	11.327	12.755	39.796	36.122	2.100
407	535188.12	6247899.40	11.236	12.257	41.164	35.342	2.100
409	535182.32	6247918.50	12.270	12.270	39.162	36.299	2.200
411	535176.62	6247937.70	9.816	13.804	32.515	43.865	2.200
413	535170.92	6247956.80	9.202	11.350	32.209	47.239	2.200
415	535165.12	6247976.00	8.607	11.373	32.480	47.541	2.300
417	535159.42	6247995.10	8.205	11.795	35.897	44.103	2.400
419	535153.72	6248014.20	8.495	8.905	32.037	50.563	2.200
421	535147.92	6248033.40	8.528	5.279	25.482	60.711	1.600
425	535142.22	6248052.50	7.419	8.333	30.285	53.963	1.600
427	535136.52	6248071.70	6.946	9.397	38.202	45.455	2.000
429	535130.72	6248090.80	7.528	8.342	39.674	44.456	1.800
437	535230.22	6247828.50	9.193	12.257	43.105	35.444	2.100
439	535224.42	6247847.70	9.314	11.771	44.012	34.903	2.400
441	535218.72	6247866.80	11.837	12.755	39.184	36.224	2.000
443	535213.02	6247886.00	11.236	12.257	40.347	36.159	2.000
445	535207.22	6247905.10	10.816	13.673	40.000	35.510	2.000
447	535201.52	6247924.20	10.725	12.870	38.713	37.692	2.100
449	535195.82	6247943.40	9.714	12.270	37.219	40.798	2.100
451	535190.02	6247962.50	10.204	10.816	34.694	44.286	2.000
453	535184.32	6247981.70	9.582	9.888	30.785	49.745	1.900
455	535178.62	6248000.80	9.174	10.296	28.338	52.192	1.900
457	535172.82	6248020.00	10.102	10.816	31.735	47.347	2.000
459	535167.12	6248039.10	8.563	9.888	36.086	45.464	1.900
463	535161.42	6248058.30	8.155	9.786	40.775	41.284	2.000
465	535155.62	6248077.40	7.325	7.426	33.978	51.272	1.600
467	535149.92	6248096.60	6.883	6.883	30.364	55.870	1.300
469	535249.32	6247834.30	10.838	12.168	42.127	34.867	2.100
471	535243.62	6247853.40	9.184	10.714	40.102	40.000	1.900
473	535237.82	6247872.50	10.306	13.265	41.633	34.796	2.000
475	535232.12	6247891.70	10.194	11.315	39.450	39.042	1.900
477	535226.42	6247910.80	9.174	11.315	35.270	44.241	2.000
479	535220.62	6247930.00	11.735	11.327	35.510	41.429	2.000
481	535214.92	6247949.10	11.315	10.703	33.843	44.139	1.900
483	535209.22	6247968.30	12.245	11.224	35.204	41.327	2.000
485	535203.42	6247987.40	10.612	10.306	31.327	47.755	1.900
487	535197.72	6248006.60	8.682	9.704	30.031	51.583	2.100
489	535192.02	6248025.70	9.100	9.816	34.049	47.035	2.200
491	535186.22	6248044.90	8.589	9.305	31.697	50.409	2.100
493	535180.52	6248064.00	8.069	9.295	39.734	42.901	2.100
495	535174.82	6248083.10	6.939	7.857	29.082	56.122	1.900
497	535169.02	6248102.30	8.053	9.276	38.022	44.648	1.800
499	535268.42	6247840.00	11.224	12.245	38.673	37.857	2.000
501	535262.72	6247859.10	11.236	11.236	40.756	36.772	2.100
503	535257.02	6247878.30	10.225	13.804	39.775	36.196	2.200
505	535251.22	6247897.40	9.694	11.837	36.429	42.041	2.100
507	535245.52	6247916.60	10.204	11.837	35.000	42.959	2.100
509	535239.82	6247935.70	12.729	9.776	36.660	40.835	1.900
511	535234.02	6247954.90	10.692	10.794	32.790	45.723	1.900
513	535228.32	6247974.00	11.837	11.224	35.408	41.531	2.100
515	535222.62	6247993.20	9.156	10.783	32.350	47.711	1.800
517	535216.82	6248012.30	8.682	11.849	33.912	45.557	2.200
519	535211.12	6248031.40	9.110	11.361	35.415	44.115	2.200
521	535205.42	6248050.60	9.202	10.736	37.628	42.434	2.200
523	535199.62	6248069.70	9.184	7.653	39.388	43.776	2.000
525	535193.92	6248088.90	7.543	9.378	36.799	46.279	2.000
527	535188.22	6248108.00	7.543	8.359	34.455	49.643	1.900
529	535287.62	6247845.70	12.334	12.232	39.246	36.188	1.900
531	535281.92	6247864.90	13.265	11.327	36.020	39.388	2.100
533	535276.12	6247884.00	11.837	10.714	40.612	36.837	2.000
535	535270.42	6247903.20	11.224	11.735	38.571	38.469	1.900
537	535264.72	6247922.30	10.703	10.296	35.474	43.527	2.000
539	535258.92	6247941.40	11.597	8.850	33.367	46.185	1.700
541	535253.22	6247960.60	12.220	9.267	28.921	49.593	1.800
543	535247.52	6247979.70	10.225	12.270	34.867	42.638	2.100
545	535241.72	6247998.90	9.267	10.692	35.132	44.908	1.900
547	535236.02	6248018.00	7.143	12.347	35.102	45.408	2.000
549	535230.31	6248037.20	8.700	10.235	38.280	42.784	2.200
551	535224.51	6248056.30	9.082	9.898	39.184	41.837	2.100
553	535218.81	6248075.50	8.053	9.378	36.493	46.075	1.900
555	535213.11	6248094.60	5.906	6.925	29.328	57.841	1.800
557	535207.31	6248113.80	7.332	6.925	34.318	51.426	1.800
559	535306.72	6247851.50	12.245	11.735	37.755	38.265	2.000
561	535301.02	6247870.60	12.220	11.303	36.253	40.224	1.900
563	535295.32	6247889.70	11.759	11.247	38.650	38.344	2.200
565	535289.52	6247908.90	10.725	11.849	36.466	40.960	2.100
567	535283.81	6247928.00	11.747	11.849	34.525	41.879	2.100
569	535278.11	6247947.20	11.100	8.248	33.198	47.454	1.800
571	535272.31	6247966.30	11.100	9.369	30.143	49.389	1.800
573	535266.61	6247985.50	11.224	10.714	33.469	44.592	2.000
575	535260.91	6248004.60	9.156	10.783	33.367	46.694	1.800
577	535255.11	6248023.80	8.163	11.327	36.327	44.184	2.000
579	535249.41	6248042.90	8.180	10.838	37.526	43.456	2.200
581	535243.71	6248062.10	10.215	10.827	37.283	41.675	2.100
583	535237.91	6248081.20	10.112	8.887	36.364	44.637	2.100
585	535232.21	6248100.30	7.935	5.392	38.047	48.627	1.700
587	535325.91	6247857.20	11.315	11.213	39.246	38.226	2.000
589	535320.11	6247876.30	9.602	12.870	33.810	43.718	2.100
591	535314.41	6247895.50	10.102	9.388	37.755	42.755	2.100
593	535308.71	6247914.60	10.634	10.838	36.912	41.616	2.100
595	535302.91	6247933.80	9.202	10.327	35.787	44.683	2.200
597	535297.21	6247952.90	9.621	10.850	30.297	49.232	2.200
599	535291.51	6247972.10	10.123	10.838	31.186	47.853	2.200
601	535285.71	6247991.20	10.645	10.338	29.273	49.744	2.200
603	535280.01	6248010.40	8.691	11.247	34.151	45.910	2.100
605	535274.31	6248029.50	7.653	10.816	35.306	46.224	2.100
607	535268.51	6248048.60	8.086	8.393	31.832	51.689	2.400
609	535262.81	6248067.80	9.611	9.918	35.378	45.092	2.200
611	535257.11	6248086.90	9.704	10.317	34.321	45.659	2.200
613	535251.31	6248106.10	8.563	9.378	33.945	48.114	1.900